               precision    recall  f1-score   support

        apple     0.8879    0.9500    0.9179       100
aquarium_fish     0.8039    0.8200    0.8119       100
         baby     0.6630    0.6100    0.6354       100
         bear     0.7955    0.7000    0.7447       100
       beaver     0.6111    0.6600    0.6346       100
          bed     0.7955    0.7000    0.7447       100
          bee     0.8936    0.8400    0.8660       100
       beetle     0.7872    0.7400    0.7629       100
      bicycle     0.8889    0.8800    0.8844       100
       bottle     0.9118    0.9300    0.9208       100
         bowl     0.7176    0.6100    0.6595       100
          boy     0.5632    0.4900    0.5241       100
       bridge     0.8333    0.8000    0.8163       100
          bus     0.8315    0.7400    0.7831       100
    butterfly     0.8280    0.7700    0.7979       100
        camel     0.7895    0.9000    0.8411       100
          can     0.8411    0.9000    0.8696       100
       castle     0.8108    0.9000    0.8531       100
  caterpillar     0.8132    0.7400    0.7749       100
       cattle     0.8039    0.8200    0.8119       100
        chair     0.7797    0.9200    0.8440       100
   chimpanzee     0.8421    0.9600    0.8972       100
        clock     0.8411    0.9000    0.8696       100
        cloud     0.8144    0.7900    0.8020       100
    cockroach     0.8318    0.8900    0.8599       100
        couch     0.7041    0.6900    0.6970       100
         crab     0.7030    0.7100    0.7065       100
    crocodile     0.6939    0.6800    0.6869       100
          cup     0.8529    0.8700    0.8614       100
     dinosaur     0.7475    0.7400    0.7437       100
      dolphin     0.8111    0.7300    0.7684       100
     elephant     0.8587    0.7900    0.8229       100
     flatfish     0.7048    0.7400    0.7220       100
       forest     0.6495    0.6300    0.6396       100
          fox     0.8333    0.8500    0.8416       100
         girl     0.5698    0.4900    0.5269       100
      hamster     0.8542    0.8200    0.8367       100
        house     0.6961    0.7100    0.7030       100
     kangaroo     0.7624    0.7700    0.7662       100
     keyboard     0.9082    0.8900    0.8990       100
         lamp     0.7864    0.8100    0.7980       100
   lawn_mower     0.8762    0.9200    0.8976       100
      leopard     0.6981    0.7400    0.7184       100
         lion     0.8252    0.8500    0.8374       100
       lizard     0.6752    0.7900    0.7281       100
      lobster     0.6413    0.5900    0.6146       100
          man     0.5385    0.6300    0.5806       100
   maple_tree     0.6071    0.6800    0.6415       100
   motorcycle     0.9362    0.8800    0.9072       100
     mountain     0.8286    0.8700    0.8488       100
        mouse     0.7143    0.6000    0.6522       100
     mushroom     0.8056    0.8700    0.8365       100
     oak_tree     0.5500    0.6600    0.6000       100
       orange     0.8818    0.9700    0.9238       100
       orchid     0.8155    0.8400    0.8276       100
        otter     0.5106    0.4800    0.4948       100
    palm_tree     0.8700    0.8700    0.8700       100
         pear     0.8723    0.8200    0.8454       100
 pickup_truck     0.9451    0.8600    0.9005       100
    pine_tree     0.7386    0.6500    0.6915       100
        plain     0.8526    0.8100    0.8308       100
        plate     0.7879    0.7800    0.7839       100
        poppy     0.6881    0.7500    0.7177       100
    porcupine     0.7290    0.7800    0.7536       100
       possum     0.7532    0.5800    0.6554       100
       rabbit     0.7196    0.7700    0.7440       100
      raccoon     0.8172    0.7600    0.7876       100
          ray     0.7087    0.7300    0.7192       100
         road     0.9048    0.9500    0.9268       100
       rocket     0.8350    0.8600    0.8473       100
         rose     0.7579    0.7200    0.7385       100
          sea     0.7429    0.7800    0.7610       100
         seal     0.5784    0.5900    0.5842       100
        shark     0.6296    0.6800    0.6538       100
        shrew     0.5728    0.5900    0.5813       100
        skunk     0.9286    0.9100    0.9192       100
   skyscraper     0.8776    0.8600    0.8687       100
        snail     0.8280    0.7700    0.7979       100
        snake     0.7917    0.7600    0.7755       100
       spider     0.7570    0.8100    0.7826       100
     squirrel     0.7188    0.6900    0.7041       100
    streetcar     0.7404    0.7700    0.7549       100
    sunflower     0.8812    0.8900    0.8856       100
 sweet_pepper     0.8438    0.8100    0.8265       100
        table     0.8132    0.7400    0.7749       100
         tank     0.8269    0.8600    0.8431       100
    telephone     0.8218    0.8300    0.8259       100
   television     0.8349    0.9100    0.8708       100
        tiger     0.7979    0.7500    0.7732       100
      tractor     0.8091    0.8900    0.8476       100
        train     0.8056    0.8700    0.8365       100
        trout     0.8617    0.8100    0.8351       100
        tulip     0.6875    0.6600    0.6735       100
       turtle     0.8111    0.7300    0.7684       100
     wardrobe     0.8598    0.9200    0.8889       100
        whale     0.8587    0.7900    0.8229       100
  willow_tree     0.6076    0.4800    0.5363       100
         wolf     0.8447    0.8700    0.8571       100
        woman     0.5780    0.6300    0.6029       100
         worm     0.8056    0.8700    0.8365       100

     accuracy                         0.7746     10000
    macro avg     0.7751    0.7746    0.7736     10000
 weighted avg     0.7751    0.7746    0.7736     10000
