              precision    recall  f1-score   support

    airplane     0.7584    0.7190    0.7382      1000
  automobile     0.8267    0.8060    0.8162      1000
        bird     0.5059    0.6450    0.5670      1000
         cat     0.5144    0.5000    0.5071      1000
        deer     0.6327    0.6080    0.6201      1000
         dog     0.7023    0.4860    0.5745      1000
        frog     0.7434    0.8140    0.7771      1000
       horse     0.6796    0.7910    0.7311      1000
        ship     0.8173    0.8230    0.8201      1000
       truck     0.8299    0.7560    0.7912      1000

    accuracy                         0.6948     10000
   macro avg     0.7010    0.6948    0.6943     10000
weighted avg     0.7010    0.6948    0.6943     10000
