              precision    recall  f1-score   support

    airplane     0.8665    0.8960    0.8810      1000
  automobile     0.9180    0.9510    0.9342      1000
        bird     0.8281    0.8140    0.8210      1000
         cat     0.7827    0.6700    0.7220      1000
        deer     0.8660    0.8530    0.8594      1000
         dog     0.8360    0.7700    0.8017      1000
        frog     0.8185    0.9470    0.8781      1000
       horse     0.8875    0.9150    0.9010      1000
        ship     0.9358    0.9180    0.9268      1000
       truck     0.9035    0.9180    0.9107      1000

    accuracy                         0.8652     10000
   macro avg     0.8643    0.8652    0.8636     10000
weighted avg     0.8643    0.8652    0.8636     10000
