              precision    recall  f1-score   support

    airplane     0.9665    0.9520    0.9592      1000
  automobile     0.9691    0.9720    0.9705      1000
        bird     0.9630    0.9360    0.9493      1000
         cat     0.8730    0.9350    0.9029      1000
        deer     0.9414    0.9470    0.9442      1000
         dog     0.9216    0.9170    0.9193      1000
        frog     0.9836    0.9610    0.9722      1000
       horse     0.9766    0.9580    0.9672      1000
        ship     0.9625    0.9760    0.9692      1000
       truck     0.9719    0.9680    0.9699      1000

    accuracy                         0.9522     10000
   macro avg     0.9529    0.9522    0.9524     10000
weighted avg     0.9529    0.9522    0.9524     10000
