              precision    recall  f1-score   support

    airplane     0.9256    0.9210    0.9233      1000
  automobile     0.9449    0.9770    0.9607      1000
        bird     0.8966    0.8930    0.8948      1000
         cat     0.8671    0.8220    0.8439      1000
        deer     0.9366    0.9160    0.9262      1000
         dog     0.9009    0.8450    0.8720      1000
        frog     0.8987    0.9760    0.9358      1000
       horse     0.9550    0.9560    0.9555      1000
        ship     0.9511    0.9530    0.9520      1000
       truck     0.9344    0.9550    0.9446      1000

    accuracy                         0.9214     10000
   macro avg     0.9211    0.9214    0.9209     10000
weighted avg     0.9211    0.9214    0.9209     10000
